55
94
21
53
22
33
88
23
88
33
64
21
25
81
63
15
88
68
33
55
72
55
33
18
79
78
37
76
22
79
66
79
33
31
22
22
65
27
34
22
87
72
99
34
82
66
94
99
64
37
83
33
33
58
68
77
31
52
66
67
55
66
43
97
52
12
75
55
23
42
78
53
54
39
88
88
88
77
37
11
55
32
77
49
33
36
43
77
98
95
21
44
88
22
77
79
71
35
54
55
73
25
78
39
36
99
59
76
77
95
77
76
73
44
22
33
89
45
16
44
88
85
53
66
77
22
11
73
11
76
89
57
69
62
26
55
68
46
46
44
55
47
33
75
75
77
93
13
64
84
92
12
76
58
36
92
88
86
55
99
11
65
48
37
54
86
22
86
61
99
64
64
24
77
66
99
99
11
13
11
59
83
11
88
81
19
49
39
22
55
23
57
54
12
62
55
11
37
79
12
22
44
79
37
32
68
93
85
44
64
21
42
44
44
88
22
44
66
74
17
99
94
76
44
53
22
22
18
44
94
24
33
34
28
46
51
69
63
99
44
18
69
88
98
97
18
64
77
99
22
28
11
63
11
67
32
38
48
66
88
62
41
55
34
12
19
78
77
11
22
19
85
53
68
22
43
51
99
79
55
66
61
25
53
66
55
99
19
66
47
46
75
44
88
33
59
54
44
27
45
73
49
61
16
14
31
55
88
82
23
69
29
65
84
48
35
58
76
66
44
17
91
33
98
51
81
58
55
79
44
33
16
49
88
94
88
75
73
66
77
15
42
66
33
94
77
23
47
88
11
37
57
44
41
23
26
57
57
88
86
44
71
55
88
26
33
77
33
45
33
71
66
89
99
33
55
93
23
66
91
58
11
55
28
53
44
61
36
33
95
66
13
11
55
72
88
65
98
99
86
11
48
66
55
33
99
67
99
34
77
55
16
63
25
92
99
98
44
11
66
85
82
64
15
97
91
11
11
66
68
75
71
99
81
77
24
22
99
77
66
33
55
77
22
26
91
51
43
88
49
15
52
66
11
41
72
92
55
33
25
58
66
11
44
89
22
81
11
72
33
33
77
86
22
56
66
29
77
29
28
88
74
99
99
19
42
95
42
33
11
66
13
54
61
32
85
25
11
77
66
64
33
17
38
81
48
95
77
99
22
56
88
43
77
48
13
65
92
77
44
33
29
22
67
24
41
55
58
22
77
91
66
63
34
53
11
85
99
98
73
52
78
66
69
58
36
91
84
68
38
42
43
47
67
63
55
99
33
52
84
22
88
99
61
75
85
99
24
91
93
55
36
22
71
78
63
43
63
42
11
88
33
88
14
86
51
95
77
94
99
33
14
84
62
44
55
25
24
11
87
49
18
47
77
54
89
11
72
78
84
93
12
96
73
99
55
62
88
77
66
75
89
96
18
99
36
41
76
25
55
27
26
86
52
85
25
13
23
73
49
43
88
84
85
91
77
37
17
73
85
34
55
74
55
55
55
61
63
95
67
11
83
11
77
25
72
26
77
14
35
87
99
58
55
99
18
88
28
13
63
33
95
96
33
44
91
35
25
33
11
47
11
99
77
88
33
11
19
74
86
33
65
45
72
55
99
99
49
75
14
44
33
11
33
19
11
94
33
44
17
11
91
58
91
96
11
55
87
39
85
11
23
33
76
77
54
27
65
85
94
11
22
55
34
88
71
38
39
24
58
66
18
66
84
33
13
18
98
86
28
77
31
66
33
16
67
22
14
66
95
77
56
95
85
32
66
27
99
56
53
62
11
51
99
66
62
32
66
75
99
99
33
53
88
25
58
42
34
54
36
44
82
77
65
56
28
66
35
18
88
91
82
15
17
74
66
44
44
57
66
66
96
11
66
93
93
16
88
44
38
66
89
68
33
64
27
22
99
62
58
22
32
93
11
11
39
73
22
22
99
36
89
17
59
54
42
55
77
33
42
86
11
99
53
75
11
21
35
45
67
68
44
14
55
99
53
53
99
51
39
81
59
97
42
75
24
66
77
36
82
17
97
22
42
77
65
37
23
17
11
11
41
73
71
29
15
81
11
96
67
75
55
66
52
27
51
56
83
33
44
43
25
44
22
43
22
23
44
42
45
15
78
95
85
67
44
39
81
11
33
37
38
55
97
52
49
66
46
44
37
45
12
61
33
44
99
91
66
15
11
54
47
89
38
66
66
21
53
56
34
66
32
19
25
95
57
43
88
22
88
88
66
87
92
97
44
36
33
55
32
29
44
11
69
34
47
77
44
52
55
